=== Run information ===

Scheme:       weka.classifiers.misc.InputMappedClassifier -I -trim -W weka.classifiers.meta.Bagging -- -P 100 -S 1 -num-slots 1 -I 10 -W weka.classifiers.trees.REPTree -- -M 2 -V 0.001 -N 3 -S 1 -L -1 -I 0.0
Relation:     2012CombData-weka.filters.unsupervised.attribute.Remove-R1-3,7-8
Instances:    930
Attributes:   18
              rate
              dis
              orgGDP
              Population
              Birth_Rate
              Avg_Life
              GDP_PC
              Unemploy_Rate
              Flat_Rates
              Price_Rates
              City_Income
              Country_income
              Green_Rate
              Disasters
              Stu_Rate_H
              Low_Income
              Low_Income_Insurance
              Flat_Rates_Change
Test mode:    user supplied test set:  size unknown (reading incrementally)

=== Classifier model (full training set) ===

InputMappedClassifier:

Bagging with 10 iterations and base learner

weka.classifiers.trees.REPTree -M 2 -V 0.001 -N 3 -S 1 -L -1 -I 0.0
Attribute mappings:

Model attributes                	    Incoming attributes
--------------------------------	    ----------------
(numeric) rate                  	--> 4 (numeric) rate
(numeric) dis                   	--> 5 (numeric) dis
(numeric) orgGDP                	--> 6 (numeric) orgGDP
(numeric) Population            	--> 9 (numeric) Population
(numeric) Birth_Rate            	--> 10 (numeric) Birth_Rate
(numeric) Avg_Life              	--> 11 (numeric) Avg_Life
(numeric) GDP_PC                	--> 12 (numeric) GDP_PC
(numeric) Unemploy_Rate         	--> 13 (numeric) Unemploy_Rate
(numeric) Flat_Rates            	--> 14 (numeric) Flat_Rates
(numeric) Price_Rates           	--> 15 (numeric) Price_Rates
(numeric) City_Income           	--> 16 (numeric) City_Income
(numeric) Country_income        	--> 17 (numeric) Country_income
(numeric) Green_Rate            	--> 18 (numeric) Green_Rate
(numeric) Disasters             	--> 19 (numeric) Disasters
(numeric) Stu_Rate_H            	--> 20 (numeric) Stu_Rate_H
(numeric) Low_Income            	--> 21 (numeric) Low_Income
(numeric) Low_Income_Insurance  	--> 22 (numeric) Low_Income_Insurance
(numeric) Flat_Rates_Change     	--> - missing (no match)


Time taken to build model: 0.15 seconds

=== Predictions on test set ===

inst#,actual,predicted,error
1,0.1,0.095,-0.005
2,0.375,0.108,-0.267
3,0.075,0.003,-0.072
4,0,0.04,0.04
5,0.1,0.016,-0.084
6,0.025,0.021,-0.004
7,0,0.016,0.016
8,0.2,0.233,0.033
9,0.025,0.013,-0.012
10,0.025,0.06,0.035
11,0.025,0.001,-0.024
12,0.025,0.01,-0.015
13,0,0.007,0.007
14,0,0.015,0.015
15,0,0.012,0.012
16,0,0.016,0.016
17,0,0.004,0.004
18,0.025,0.069,0.044
19,0,0.001,0.001
20,0,0.001,0.001
21,0,0.001,0.001
22,0,0.001,0.001
23,0,0.001,0.001
24,0,0.001,0.001
25,0,0.001,0.001
26,0,0.001,0.001
27,0,0.001,0.001
28,0,0.001,0.001
29,0,0.001,0.001
30,0,0.001,0.001
31,0.341,0.229,-0.113
32,0.376,0.099,-0.277
33,0.012,0.003,-0.008
34,0.059,0.042,-0.017
35,0.059,0.018,-0.041
36,0.012,0.019,0.008
37,0.012,0.016,0.004
38,0.035,0.19,0.155
39,0.059,0.018,-0.041
40,0,0.1,0.1
41,0,0.001,0.001
42,0,0.01,0.01
43,0.012,0.01,-0.001
44,0,0.038,0.038
45,0,0.013,0.013
46,0,0.014,0.014
47,0,0.004,0.004
48,0,0.069,0.069
49,0,0.001,0.001
50,0,0.001,0.001
51,0,0.001,0.001
52,0,0.001,0.001
53,0,0.001,0.001
54,0,0.001,0.001
55,0,0.001,0.001
56,0,0.001,0.001
57,0,0.001,0.001
58,0.012,0.001,-0.011
59,0,0.001,0.001
60,0.012,0.001,-0.011
61,0.177,0.208,0.031
62,0.163,0.116,-0.047
63,0.055,0.026,-0.029
64,0.034,0.026,-0.008
65,0.016,0.014,-0.002
66,0.004,0.013,0.009
67,0.009,0.012,0.003
68,0.007,0.146,0.139
69,0.008,0.025,0.017
70,0.005,0.082,0.078
71,0.004,0.001,-0.003
72,0.002,0.011,0.009
73,0.002,0.009,0.007
74,0,0.024,0.024
75,0,0.015,0.015
76,0,0.01,0.01
77,0,0.005,0.005
78,0,0.08,0.08
79,0,0.001,0
80,0.001,0.001,-0
81,0,0.001,0.001
82,0,0.001,0
83,0.001,0.001,-0
84,0,0.001,0.001
85,0,0.001,0.001
86,0,0.001,0.001
87,0.001,0.001,0
88,0.006,0.001,-0.005
89,0,0.001,0.001
90,0.001,0.001,-0
91,0.047,0.118,0.071
92,0.035,0.084,0.048
93,0.018,0.048,0.03
94,0.053,0.054,0.001
95,0.008,0.012,0.003
96,0,0.017,0.016
97,0.001,0.011,0.01
98,0.006,0.144,0.138
99,0.008,0.032,0.024
100,0.005,0.083,0.078
101,0.002,0.001,-0
102,0.001,0.01,0.01
103,0.001,0.011,0.011
104,0.001,0.023,0.022
105,0.001,0.019,0.018
106,0,0.015,0.015
107,0,0.005,0.005
108,0,0.08,0.08
109,0,0.001,0.001
110,0,0.001,0.001
111,0,0.001,0.001
112,0,0.001,0.001
113,0,0.001,0.001
114,0,0.001,0.001
115,0,0.001,0.001
116,0.001,0.002,0.002
117,0,0.001,0.001
118,0.001,0.001,-0
119,0,0.001,0.001
120,0.001,0.001,0
121,0.031,0.157,0.125
122,0.032,0.068,0.036
123,0.021,0.028,0.007
124,0.048,0.003,-0.044
125,0.057,0.018,-0.039
126,0.011,0.012,0.002
127,0.02,0.011,-0.009
128,0.003,0.172,0.169
129,0.004,0.016,0.013
130,0.001,0.058,0.057
131,0.002,0.001,-0.001
132,0,0.008,0.008
133,0,0.006,0.005
134,0,0.013,0.013
135,0,0.009,0.009
136,0,0.008,0.008
137,0,0.005,0.005
138,0,0.054,0.054
139,0,0.001,0.001
140,0.001,0.001,0
141,0,0.001,0.001
142,0,0.001,0.001
143,0,0.001,0.001
144,0,0.001,0.001
145,0,0.001,0.001
146,0,0.001,0.001
147,0,0.001,0.001
148,0,0.001,0.001
149,0,0.001,0.001
150,0,0.001,0.001
151,0.053,0.111,0.057
152,0.035,0.068,0.032
153,0.019,0.024,0.005
154,0.005,0.001,-0.004
155,0.016,0.032,0.016
156,0.029,0.069,0.04
157,0.031,0.032,0.001
158,0.009,0.143,0.134
159,0.007,0.016,0.009
160,0.003,0.058,0.055
161,0.001,0.001,-0
162,0,0.009,0.009
163,0,0.005,0.005
164,0.001,0.013,0.012
165,0,0.008,0.008
166,0,0.007,0.007
167,0,0.004,0.004
168,0.001,0.054,0.052
169,0,0.001,0.001
170,0.001,0.001,-0
171,0,0.001,0.001
172,0,0.001,0.001
173,0.001,0.001,-0
174,0.001,0.001,-0
175,0,0.001,0.001
176,0,0.001,0.001
177,0,0.001,0
178,0,0.001,0
179,0,0.001,0.001
180,0,0.001,0
181,0.043,0.09,0.047
182,0.04,0.051,0.01
183,0.022,0.019,-0.003
184,0.006,0.001,-0.005
185,0.022,0.015,-0.007
186,0.172,0.073,-0.098
187,0.094,0.058,-0.037
188,0.009,0.155,0.145
189,0.01,0.018,0.008
190,0.004,0.084,0.079
191,0.005,0.001,-0.004
192,0.001,0.009,0.008
193,0.003,0.005,0.002
194,0.007,0.014,0.007
195,0,0.007,0.007
196,0,0.005,0.005
197,0,0.004,0.003
198,0,0.067,0.067
199,0,0.001,0.001
200,0.002,0.001,-0.001
201,0,0.001,0.001
202,0,0.001,0.001
203,0,0.001,0.001
204,0,0.001,0
205,0,0.001,0.001
206,0,0.001,0.001
207,0,0.001,0.001
208,0,0.001,0.001
209,0,0.001,0.001
210,0,0.001,0
211,0.036,0.104,0.068
212,0.055,0.056,0.001
213,0.039,0.033,-0.006
214,0.003,0.001,-0.002
215,0.025,0.025,-0
216,0.155,0.041,-0.114
217,0.049,0.069,0.02
218,0.007,0.162,0.156
219,0.006,0.026,0.02
220,0.003,0.082,0.079
221,0.001,0.001,-0.001
222,0.001,0.009,0.007
223,0.001,0.011,0.01
224,0.004,0.027,0.023
225,0,0.007,0.007
226,0,0.005,0.005
227,0,0.004,0.004
228,0.001,0.078,0.077
229,0,0.001,0.001
230,0.001,0.001,-0
231,0,0.001,0.001
232,0,0.001,0.001
233,0,0.001,0.001
234,0,0.001,0.001
235,0,0.001,0.001
236,0,0.001,0.001
237,0,0.001,0.001
238,0,0.001,0.001
239,0,0.001,0.001
240,0,0.001,0.001
241,0.129,0.165,0.036
242,0.129,0.075,-0.054
243,0,0.028,0.028
244,0.065,0.001,-0.064
245,0.032,0.01,-0.022
246,0.065,0.01,-0.054
247,0,0.005,0.005
248,0.032,0.007,-0.025
249,0.29,0.102,-0.188
250,0.065,0.138,0.073
251,0.097,0.003,-0.094
252,0.032,0.02,-0.012
253,0.065,0.022,-0.043
254,0,0.017,0.017
255,0,0.01,0.01
256,0,0.014,0.014
257,0,0.004,0.004
258,0,0.07,0.07
259,0,0.001,0.001
260,0,0.001,0.001
261,0,0.001,0.001
262,0,0.001,0.001
263,0,0.001,0.001
264,0,0.001,0.001
265,0,0.001,0.001
266,0,0.001,0.001
267,0,0.001,0.001
268,0,0.001,0.001
269,0,0.001,0.001
270,0,0.001,0.001
271,0.037,0.084,0.047
272,0.029,0.042,0.012
273,0.019,0.022,0.003
274,0.015,0.001,-0.014
275,0.006,0.019,0.013
276,0.016,0.011,-0.005
277,0.007,0.007,0
278,0.008,0.008,-0.001
279,0.209,0.346,0.138
280,0.038,0.125,0.087
281,0.028,0.02,-0.008
282,0.005,0.012,0.007
283,0.007,0.015,0.008
284,0.001,0.016,0.016
285,0,0.012,0.012
286,0.001,0.014,0.013
287,0,0.004,0.004
288,0.002,0.065,0.063
289,0.001,0.001,-0
290,0.001,0.001,0
291,0,0.001,0.001
292,0,0.001,0.001
293,0.002,0.001,-0.001
294,0.001,0.001,-0
295,0,0.001,0.001
296,0,0.001,0.001
297,0.002,0.001,-0.001
298,0.003,0.001,-0.002
299,0,0.001,0.001
300,0.001,0.001,-0
301,0.041,0.084,0.043
302,0.058,0.067,0.009
303,0.051,0.019,-0.033
304,0.048,0.001,-0.047
305,0.009,0.01,0.001
306,0.021,0.011,-0.01
307,0.013,0.007,-0.006
308,0.009,0.008,-0.002
309,0.115,0.346,0.231
310,0.076,0.058,-0.018
311,0.081,0.005,-0.075
312,0.027,0.016,-0.011
313,0.023,0.018,-0.005
314,0.001,0.013,0.012
315,0.001,0.009,0.008
316,0.002,0.01,0.008
317,0.001,0.005,0.004
318,0.005,0.065,0.06
319,0.003,0.001,-0.002
320,0.005,0.001,-0.004
321,0.001,0.001,-0
322,0,0.001,0.001
323,0.008,0.001,-0.008
324,0.006,0.001,-0.005
325,0,0.001,0.001
326,0.001,0.001,0
327,0.012,0.001,-0.011
328,0.007,0.001,-0.006
329,0,0.001,0.001
330,0.002,0.001,-0.001
331,0.036,0.114,0.078
332,0.034,0.077,0.042
333,0.013,0.02,0.008
334,0.01,0.001,-0.009
335,0.004,0.034,0.031
336,0.01,0.011,0.001
337,0.004,0.006,0.002
338,0.004,0.005,0.001
339,0.148,0.324,0.177
340,0.179,0.063,-0.115
341,0.139,0.168,0.029
342,0.015,0.024,0.009
343,0.009,0.02,0.012
344,0.001,0.019,0.017
345,0.001,0.013,0.012
346,0.001,0.018,0.018
347,0,0.005,0.005
348,0.003,0.086,0.083
349,0,0.001,0.001
350,0.002,0.001,-0.001
351,0,0.001,0.001
352,0,0.001,0.001
353,0.001,0.001,0
354,0,0.001,0
355,0,0.001,0.001
356,0,0.001,0.001
357,0,0.001,0
358,0.003,0.001,-0.003
359,0,0.001,0.001
360,0.001,0.001,-0
361,0.029,0.096,0.066
362,0.017,0.037,0.02
363,0.029,0.011,-0.018
364,0.019,0.001,-0.018
365,0.007,0.009,0.002
366,0.011,0.007,-0.004
367,0.004,0.006,0.002
368,0.002,0.008,0.006
369,0.064,0.144,0.08
370,0.05,0.023,-0.028
371,0.031,0.098,0.066
372,0.022,0.001,-0.021
373,0.028,0.018,-0.011
374,0.002,0.01,0.007
375,0,0.008,0.008
376,0.001,0.01,0.009
377,0.001,0.005,0.004
378,0.017,0.069,0.052
379,0.001,0.001,0
380,0.014,0.001,-0.013
381,0.003,0.001,-0.002
382,0,0.001,0
383,0.005,0.001,-0.004
384,0.004,0.001,-0.004
385,0,0.001,0.001
386,0,0.001,0
387,0.001,0.001,0
388,0.001,0.001,0
389,0,0.001,0.001
390,0,0.001,0.001
391,0.022,0.103,0.081
392,0.006,0.04,0.034
393,0.008,0.015,0.007
394,0.008,0.001,-0.007
395,0.004,0.009,0.006
396,0.005,0.005,0.001
397,0.002,0.005,0.003
398,0.001,0.005,0.004
399,0.054,0.156,0.102
400,0.035,0.043,0.008
401,0.165,0.118,-0.047
402,0.011,0.003,-0.008
403,0.142,0.031,-0.111
404,0,0.015,0.015
405,0,0.009,0.009
406,0.001,0.018,0.018
407,0.001,0.008,0.007
408,0.045,0.101,0.056
409,0.003,0.001,-0.002
410,0.017,0.001,-0.016
411,0.001,0.001,0
412,0.001,0.001,0
413,0.002,0.001,-0.001
414,0.004,0.001,-0.003
415,0,0.001,0.001
416,0,0.001,0.001
417,0.002,0.001,-0.001
418,0.002,0.001,-0.001
419,0,0.001,0.001
420,0,0.001,0.001
421,0.16,0.209,0.048
422,0.294,0.108,-0.186
423,0.054,0.039,-0.014
424,0.018,0.003,-0.015
425,0.027,0.023,-0.004
426,0.061,0.014,-0.047
427,0.038,0.013,-0.025
428,0.033,0.023,-0.011
429,0.061,0.146,0.085
430,0.097,0.036,-0.061
431,0.023,0.073,0.05
432,0.007,0.001,-0.006
433,0.005,0.016,0.011
434,0.004,0.014,0.01
435,0,0.015,0.015
436,0,0.01,0.01
437,0,0.005,0.005
438,0.003,0.066,0.063
439,0,0.001,0.001
440,0.001,0.001,0
441,0,0.001,0.001
442,0.001,0.001,-0
443,0,0.001,0.001
444,0.001,0.001,0
445,0,0.001,0.001
446,0,0.001,0.001
447,0,0.001,0.001
448,0.002,0.001,-0.001
449,0,0.001,0.001
450,0.003,0.001,-0.002
451,0.129,0.122,-0.007
452,0.108,0.086,-0.022
453,0.058,0.036,-0.021
454,0.06,0.003,-0.057
455,0.014,0.028,0.014
456,0.029,0.011,-0.018
457,0.007,0.013,0.006
458,0.005,0.006,0.001
459,0.068,0.156,0.088
460,0.139,0.042,-0.097
461,0.117,0.096,-0.021
462,0.017,0.002,-0.015
463,0.031,0.014,-0.016
464,0.01,0.011,0.001
465,0.003,0.021,0.019
466,0.007,0.021,0.014
467,0,0.005,0.005
468,0.033,0.082,0.049
469,0,0.001,0.001
470,0.007,0.001,-0.006
471,0,0.001,0.001
472,0,0.001,0.001
473,0.002,0.001,-0.001
474,0.001,0.001,-0
475,0,0.001,0.001
476,0.001,0.003,0.002
477,0.003,0.001,-0.002
478,0.007,0.001,-0.006
479,0,0.001,0.001
480,0.016,0.001,-0.015
481,0.072,0.102,0.03
482,0.049,0.051,0.002
483,0.036,0.022,-0.015
484,0.032,0.001,-0.031
485,0.006,0.015,0.008
486,0.016,0.009,-0.007
487,0.009,0.007,-0.002
488,0.012,0.006,-0.007
489,0.055,0.146,0.091
490,0.085,0.036,-0.049
491,0.142,0.093,-0.05
492,0.023,0.003,-0.02
493,0.074,0.016,-0.057
494,0.033,0.018,-0.015
495,0.001,0.013,0.012
496,0.002,0.017,0.016
497,0,0.009,0.009
498,0.081,0.082,0.001
499,0.002,0.001,-0.001
500,0.01,0.001,-0.009
501,0.003,0.001,-0.002
502,0.002,0.001,-0
503,0.006,0.001,-0.004
504,0.003,0.001,-0.002
505,0,0.001,0.001
506,0.001,0.001,0
507,0.008,0.001,-0.007
508,0.021,0.001,-0.021
509,0,0.001,0.001
510,0.003,0.001,-0.002
511,0.047,0.103,0.055
512,0.025,0.046,0.02
513,0.033,0.017,-0.015
514,0.016,0.001,-0.015
515,0.007,0.01,0.003
516,0.011,0.007,-0.004
517,0.001,0.009,0.008
518,0.007,0.005,-0.002
519,0.046,0.156,0.11
520,0.059,0.033,-0.026
521,0.186,0.096,-0.09
522,0.008,0.001,-0.007
523,0.083,0.014,-0.069
524,0.057,0.019,-0.037
525,0.001,0.011,0.01
526,0,0.009,0.009
527,0.006,0.02,0.014
528,0.211,0.306,0.095
529,0.014,0.001,-0.012
530,0.053,0.001,-0.052
531,0.008,0.001,-0.007
532,0.001,0.001,0
533,0.025,0.001,-0.024
534,0.038,0.001,-0.037
535,0,0.001,0.001
536,0,0.001,0.001
537,0.007,0.001,-0.006
538,0.014,0.001,-0.013
539,0,0.001,0.001
540,0.004,0.001,-0.003
541,0.034,0.079,0.045
542,0.019,0.03,0.01
543,0.013,0.007,-0.007
544,0.01,0.001,-0.01
545,0.001,0.009,0.007
546,0.018,0.007,-0.011
547,0.001,0.005,0.004
548,0.003,0.006,0.003
549,0.034,0.143,0.108
550,0.037,0.016,-0.022
551,0.025,0.058,0.033
552,0.007,0.001,-0.006
553,0.027,0.012,-0.015
554,0.037,0.01,-0.027
555,0.001,0.007,0.005
556,0,0.007,0.007
557,0,0.016,0.016
558,0.003,0.005,0.002
559,0.012,0.001,-0.011
560,0.115,0.002,-0.113
561,0,0.001,0.001
562,0,0.001,0.001
563,0.003,0.003,0
564,0.009,0.001,-0.008
565,0,0.001,0.001
566,0,0.001,0.001
567,0,0.001,0.001
568,0,0.001,0.001
569,0,0.001,0.001
570,0.003,0.001,-0.002
571,0.017,0.09,0.073
572,0.014,0.051,0.038
573,0.005,0.008,0.003
574,0.008,0.001,-0.007
575,0.006,0.008,0.002
576,0.005,0.011,0.006
577,0,0.005,0.005
578,0.005,0.005,0.001
579,0.02,0.153,0.133
580,0.041,0.028,-0.014
581,0.067,0.113,0.046
582,0.008,0.001,-0.007
583,0.052,0.021,-0.031
584,0.018,0.009,-0.009
585,0,0.008,0.008
586,0,0.007,0.007
587,0,0.008,0.008
588,0.002,0.005,0.003
589,0.44,0.429,-0.01
590,0.159,0.003,-0.156
591,0,0.001,0.001
592,0,0.001,0.001
593,0.005,0.002,-0.003
594,0.008,0.001,-0.007
595,0,0.001,0.001
596,0,0.001,0.001
597,0,0.001,0.001
598,0,0.001,0.001
599,0,0.001,0.001
600,0,0.001,0.001
601,0.01,0.092,0.082
602,0.007,0.053,0.046
603,0.007,0.014,0.007
604,0.003,0.001,-0.002
605,0.003,0.01,0.006
606,0.003,0.006,0.002
607,0,0.005,0.005
608,0,0.006,0.006
609,0.007,0.164,0.157
610,0.003,0.032,0.029
611,0.007,0.082,0.075
612,0,0.001,0.001
613,0,0.014,0.014
614,0.003,0.01,0.006
615,0,0.006,0.006
616,0,0.005,0.005
617,0,0.008,0.008
618,0,0.005,0.005
619,0.059,0.265,0.206
620,0,0.003,0.003
621,0,0.001,0.001
622,0,0.001,0.001
623,0.003,0.001,-0.002
624,0,0.001,0.001
625,0,0.001,0.001
626,0,0.001,0.001
627,0,0.001,0.001
628,0,0.001,0.001
629,0,0.001,0.001
630,0,0.001,0.001
631,0.021,0.092,0.071
632,0.023,0.054,0.03
633,0.043,0.021,-0.023
634,0.027,0.001,-0.026
635,0.008,0.01,0.002
636,0.01,0.007,-0.003
637,0.002,0.006,0.004
638,0.006,0.006,0
639,0.06,0.156,0.096
640,0.072,0.02,-0.052
641,0.183,0.096,-0.087
642,0.005,0.001,-0.004
643,0.165,0.016,-0.149
644,0.007,0.011,0.004
645,0.002,0.009,0.007
646,0.002,0.011,0.009
647,0.005,0.03,0.025
648,0,0.008,0.008
649,0.055,0.095,0.04
650,0.004,0.001,-0.003
651,0.036,0.001,-0.035
652,0.009,0.004,-0.006
653,0.03,0.004,-0.026
654,0.04,0.001,-0.039
655,0,0.001,0.001
656,0.002,0.001,-0
657,0.003,0.001,-0.002
658,0.012,0.003,-0.008
659,0,0.001,0.001
660,0.01,0.001,-0.009
661,0.049,0.106,0.057
662,0.035,0.058,0.023
663,0.03,0.027,-0.003
664,0.018,0.001,-0.017
665,0.012,0.011,-0.001
666,0.024,0.006,-0.018
667,0.012,0.005,-0.007
668,0.004,0.006,0.001
669,0.077,0.18,0.104
670,0.081,0.033,-0.048
671,0.164,0.127,-0.038
672,0.009,0.001,-0.008
673,0.142,0.031,-0.111
674,0.007,0.01,0.003
675,0.001,0.011,0.011
676,0,0.009,0.009
677,0.003,0.008,0.005
678,0,0.005,0.005
679,0.061,0.099,0.039
680,0.001,0.001,-0
681,0.014,0.001,-0.013
682,0.006,0.004,-0.003
683,0.013,0.001,-0.012
684,0.025,0.001,-0.024
685,0,0.001,0.001
686,0.001,0.001,0.001
687,0.005,0.001,-0.004
688,0.016,0.001,-0.015
689,0,0.001,0.001
690,0.01,0.001,-0.009
691,0.008,0.146,0.138
692,0.013,0.059,0.046
693,0.018,0.01,-0.008
694,0.005,0.001,-0.004
695,0.005,0.007,0.002
696,0.002,0.005,0.003
697,0.001,0.005,0.004
698,0,0.005,0.005
699,0.032,0.153,0.121
700,0.075,0.047,-0.028
701,0.387,0.167,-0.22
702,0.003,0.001,-0.002
703,0.171,0.03,-0.141
704,0.007,0.009,0.002
705,0.001,0.008,0.008
706,0,0.009,0.009
707,0.001,0.008,0.008
708,0,0.005,0.005
709,0.062,0.325,0.263
710,0.006,0.002,-0.004
711,0.016,0.001,-0.015
712,0.001,0.004,0.003
713,0,0.001,0.001
714,0.013,0.002,-0.01
715,0,0.001,0.001
716,0,0.001,0.001
717,0,0.001,0.001
718,0.001,0.001,-0
719,0,0.001,0.001
720,0,0.001,0.001
721,0.011,0.146,0.135
722,0.007,0.052,0.045
723,0.025,0.008,-0.017
724,0.001,0.001,-0
725,0.002,0.007,0.005
726,0.005,0.005,0.001
727,0.002,0.005,0.002
728,0.001,0.005,0.004
729,0.021,0.171,0.15
730,0.064,0.035,-0.029
731,0.244,0.167,-0.077
732,0.006,0.001,-0.005
733,0.068,0.033,-0.035
734,0.004,0.011,0.008
735,0,0.008,0.008
736,0,0.005,0.005
737,0,0.008,0.008
738,0,0.004,0.004
739,0.019,0.133,0.113
740,0,0.001,0.001
741,0.025,0.001,-0.024
742,0,0.001,0.001
743,0.017,0.001,-0.016
744,0.008,0.002,-0.006
745,0,0.001,0.001
746,0,0.001,0.001
747,0.004,0.001,-0.003
748,0.012,0.001,-0.011
749,0,0.001,0.001
750,0.001,0.001,-0
751,0.5,0.119,-0.381
752,0.25,0.054,-0.196
753,0,0.008,0.008
754,0,0.001,0.001
755,0,0.008,0.008
756,0,0.005,0.005
757,0,0.005,0.005
758,0,0.005,0.005
759,0,0.284,0.284
760,0,0.022,0.022
761,0,0.14,0.14
762,0.25,0.001,-0.249
763,0,0.014,0.014
764,0,0.006,0.006
765,0,0.005,0.005
766,0,0.006,0.006
767,0,0.005,0.005
768,0,0.004,0.004
769,0,0.106,0.106
770,0,0.001,0.001
771,0,0.001,0.001
772,0,0.001,0.001
773,0,0.001,0.001
774,0,0.001,0.001
775,0,0.001,0.001
776,0,0.001,0.001
777,0,0.001,0.001
778,0,0.001,0.001
779,0,0.001,0.001
780,0,0.001,0.001
781,0.084,0.104,0.02
782,0.068,0.056,-0.011
783,0.064,0.039,-0.025
784,0.073,0.002,-0.071
785,0.161,0.058,-0.103
786,0.02,0.012,-0.008
787,0.004,0.006,0.002
788,0.004,0.005,0.001
789,0.049,0.144,0.095
790,0.124,0.044,-0.08
791,0.064,0.083,0.019
792,0.009,0.001,-0.008
793,0.033,0.021,-0.012
794,0.012,0.015,0.003
795,0.003,0.015,0.011
796,0.001,0.022,0.02
797,0.003,0.012,0.009
798,0,0.005,0.005
799,0.049,0.08,0.031
800,0,0.001,0.001
801,0.002,0.001,-0.001
802,0.001,0.001,0
803,0.001,0.001,0
804,0.004,0.001,-0.004
805,0.004,0.001,-0.004
806,0,0.001,0.001
807,0.004,0.002,-0.003
808,0.024,0.001,-0.023
809,0,0.001,0.001
810,0.025,0.001,-0.025
811,0.059,0.136,0.077
812,0.061,0.08,0.019
813,0.027,0.015,-0.012
814,0.006,0.001,-0.005
815,0.079,0.048,-0.031
816,0.007,0.007,-0
817,0.002,0.006,0.004
818,0.005,0.005,-0.001
819,0.025,0.172,0.148
820,0.069,0.043,-0.025
821,0.036,0.139,0.103
822,0.003,0.001,-0.002
823,0.011,0.029,0.018
824,0.01,0.011,0.001
825,0.002,0.014,0.013
826,0.001,0.011,0.01
827,0.001,0.008,0.008
828,0,0.005,0.005
829,0.006,0.106,0.1
830,0,0.001,0.001
831,0,0.001,0.001
832,0.001,0.001,0
833,0.001,0.001,0
834,0.001,0.001,0
835,0,0.001,0.001
836,0,0.001,0.001
837,0,0.002,0.002
838,0.083,0.02,-0.064
839,0,0.003,0.003
840,0.053,0.001,-0.052
841,0.017,0.103,0.086
842,0.078,0.048,-0.029
843,0.044,0.063,0.018
844,0.011,0.001,-0.01
845,0.011,0.014,0.003
846,0,0.007,0.007
847,0.006,0.01,0.005
848,0.022,0.016,-0.006
849,0.028,0.171,0.143
850,0.022,0.031,0.009
851,0.022,0.116,0.094
852,0.011,0.001,-0.01
853,0.006,0.017,0.011
854,0.011,0.01,-0.002
855,0.006,0.011,0.006
856,0,0.009,0.009
857,0,0.011,0.011
858,0,0.005,0.005
859,0,0.09,0.09
860,0,0.001,0.001
861,0.017,0.001,-0.016
862,0,0.003,0.003
863,0.006,0.001,-0.004
864,0,0.001,0.001
865,0,0.001,0.001
866,0,0.001,0.001
867,0.006,0.001,-0.004
868,0,0.02,0.02
869,0,0.002,0.002
870,0.006,0.001,-0.005
871,0.086,0.104,0.018
872,0.054,0.054,0.001
873,0.032,0.033,0.001
874,0,0.001,0.001
875,0.247,0.058,-0.189
876,0.011,0.006,-0.005
877,0.022,0.007,-0.014
878,0.011,0.005,-0.006
879,0.054,0.164,0.11
880,0,0.023,0.023
881,0.011,0.087,0.077
882,0,0.001,0.001
883,0.022,0.016,-0.006
884,0.032,0.011,-0.022
885,0,0.012,0.012
886,0,0.007,0.007
887,0,0.01,0.01
888,0,0.005,0.005
889,0,0.078,0.078
890,0,0.001,0.001
891,0,0.001,0.001
892,0,0.001,0.001
893,0.011,0.001,-0.01
894,0,0.001,0.001
895,0,0.001,0.001
896,0,0.001,0.001
897,0,0.001,0.001
898,0,0.003,0.003
899,0,0.002,0.002
900,0.065,0.001,-0.064
901,0.028,0.1,0.072
902,0.019,0.049,0.03
903,0.006,0.014,0.008
904,0,0.001,0.001
905,0,0.008,0.008
906,0.012,0.006,-0.006
907,0,0.005,0.005
908,0.003,0.006,0.003
909,0.028,0.242,0.214
910,0,0.017,0.017
911,0.016,0.09,0.074
912,0.006,0.001,-0.005
913,0.006,0.01,0.004
914,0,0.006,0.006
915,0,0.006,0.006
916,0,0.015,0.015
917,0,0.006,0.006
918,0.003,0.004,0
919,0,0.078,0.078
920,0,0.001,0.001
921,0,0.001,0.001
922,0,0.001,0.001
923,0,0.001,0.001
924,0,0.001,0.001
925,0,0.001,0.001
926,0,0.001,0.001
927,0,0.001,0.001
928,0,0.001,0.001
929,0.006,0.001,-0.005
930,0,0.001,0.001

=== Evaluation on test set ===

Time taken to test model on supplied test set: 0.09 seconds

=== Summary ===

Correlation coefficient                  0.5503
Mean absolute error                      0.022 
Root mean squared error                  0.0471
Relative absolute error                 74.9518 %
Root relative squared error             95.3292 %
Total Number of Instances              930     

